filename,eval_env,evaluator_type,args,start_time,end_time,elapsed_minutes,total_fields,total_correct,errors,calibrated_accuracy
Qwen_Qwen3-1.7B_Sculpt-AI_GIMBench-cv-parse_260528-201926.json,"{'exec_command': '/mnt/code/shichao/GIMBench/.venv/bin/python /mnt/code/shichao/GIMBench/src/gimbench/cv/cv_parse.py --model_type vllm-offline --model_name Qwen/Qwen3-1.7B --use_outlines --output_type cfg --api_key **** --base_url https://openrouter.ai/api/v1 --judge_model_name google/gemini-3-flash-preview', 'gimbench_version': '0.5.1', 'gimbench_file': '/mnt/code/shichao/GIMBench/src/gimbench/__init__.py', 'gimkit_version': '0.1.1', 'gimkit_file': '/mnt/code/shichao/GIMBench/.venv/lib/python3.13/site-packages/gimkit/__init__.py', 'git_repo': '/mnt/code/shichao/GIMBench', 'git_branch': 'feat/eval-results', 'git_commit_id': 'a552dc442e2292efef42ba2d4be2df2709dea6be'}",cv,"{'use_gim_prompt': False, 'output_type': 'cfg', 'model_type': 'vllm-offline', 'model_name': 'Qwen/Qwen3-1.7B', 'api_key': '****', 'base_url': 'https://openrouter.ai/api/v1', 'max_model_len': 8192, 'temperature': 0.0, 'top_p': 1.0, 'presence_penalty': 1.0, 'max_tokens': 8192, 'seed': 16, 'first_n': -1, 'num_proc': 1, 'output_dir': 'results', 'counter_tokenizer': 'Qwen/Qwen3-4B-Instruct-2507', 'record_timing': False, 'ref_model_name': 'google/gemma-3-270m', 'ref_model_device': 'cpu', 'norm_ppl_alpha': 0.2, 'ppl_window_k': 16, 'golden_truth_only': False, 'no_gimkit': False, 'reason_budget': 0, 'auto_budget': False, 'auto_budget_prompt': ""I'll show you a couple of questions. Decide how many reasoning steps are needed to answer each accurately.\n\nConsider a plausible reasoning workflow first (you may use reasoning, reflection, trial and error, and parallel thinking by applying different approaches, plus a quick verification if needed). Then output a step budget (where each step is an atomic reasoning action taking 3–5 sentences) that allows for granular, step-by-step derivation without skipping logic, ensuring a robust and high-confidence conclusion;leave extra headroom for cross-checking and possible revision on multi-hop or tricky questions.\n\n## Question: {question}\n\nDo not be anchored by the examples above. Scale your step budget linearly with the difficulty. For complex problems, you are encouraged to assign a high budget (20, or more) to ensure there is enough room for step-by-step derivation and verification.\n\n"", 'reason_step_desc': 'A distinct, verified reasoning step building on the previous one. Write 2–3 substantial sentences (60–80 words each) to ensure depth.', 'use_outlines': True, 'judge_model_name': 'google/gemini-3-flash-preview', 'num_samples': 1, 'pass_k': [1], 'exec_timeout': 10, 'scierc_split': 'test', 'scierc_max_relations': 30, 'dataset': {'path': 'Sculpt-AI/GIMBench-cv-parse', 'name': None, 'split': 'test'}}",2026-05-28T20:19:26.353538,2026-05-28T20:29:24.410726,9.9676198,472,298,0,0.6313559322033898
Sculpt-AI_GIM-1.7B_Sculpt-AI_GIMBench-cv-parse_260528-200822.json,"{'exec_command': '/mnt/code/shichao/GIMBench/.venv/bin/python /mnt/code/shichao/GIMBench/src/gimbench/cv/cv_parse.py --model_type vllm-offline --model_name Sculpt-AI/GIM-1.7B --output_type cfg --api_key **** --base_url https://openrouter.ai/api/v1 --judge_model_name google/gemini-3-flash-preview', 'gimbench_version': '0.5.1', 'gimbench_file': '/mnt/code/shichao/GIMBench/src/gimbench/__init__.py', 'gimkit_version': '0.1.1', 'gimkit_file': '/mnt/code/shichao/GIMBench/.venv/lib/python3.13/site-packages/gimkit/__init__.py', 'git_repo': '/mnt/code/shichao/GIMBench', 'git_branch': 'feat/eval-results', 'git_commit_id': 'a552dc442e2292efef42ba2d4be2df2709dea6be'}",cv,"{'use_gim_prompt': False, 'output_type': 'cfg', 'model_type': 'vllm-offline', 'model_name': 'Sculpt-AI/GIM-1.7B', 'api_key': '****', 'base_url': 'https://openrouter.ai/api/v1', 'max_model_len': 8192, 'temperature': 0.0, 'top_p': 1.0, 'presence_penalty': 1.0, 'max_tokens': 8192, 'seed': 16, 'first_n': -1, 'num_proc': 1, 'output_dir': 'results', 'counter_tokenizer': 'Qwen/Qwen3-4B-Instruct-2507', 'record_timing': False, 'ref_model_name': 'google/gemma-3-270m', 'ref_model_device': 'cpu', 'norm_ppl_alpha': 0.2, 'ppl_window_k': 16, 'golden_truth_only': False, 'no_gimkit': False, 'reason_budget': 0, 'auto_budget': False, 'auto_budget_prompt': ""I'll show you a couple of questions. Decide how many reasoning steps are needed to answer each accurately.\n\nConsider a plausible reasoning workflow first (you may use reasoning, reflection, trial and error, and parallel thinking by applying different approaches, plus a quick verification if needed). Then output a step budget (where each step is an atomic reasoning action taking 3–5 sentences) that allows for granular, step-by-step derivation without skipping logic, ensuring a robust and high-confidence conclusion;leave extra headroom for cross-checking and possible revision on multi-hop or tricky questions.\n\n## Question: {question}\n\nDo not be anchored by the examples above. Scale your step budget linearly with the difficulty. For complex problems, you are encouraged to assign a high budget (20, or more) to ensure there is enough room for step-by-step derivation and verification.\n\n"", 'reason_step_desc': 'A distinct, verified reasoning step building on the previous one. Write 2–3 substantial sentences (60–80 words each) to ensure depth.', 'use_outlines': False, 'judge_model_name': 'google/gemini-3-flash-preview', 'num_samples': 1, 'pass_k': [1], 'exec_timeout': 10, 'scierc_split': 'test', 'scierc_max_relations': 30, 'dataset': {'path': 'Sculpt-AI/GIMBench-cv-parse', 'name': None, 'split': 'test'}}",2026-05-28T20:08:22.431403,2026-05-28T20:19:13.371948,10.849009083333334,472,292,0,0.6186440677966102
_mnt_data_artifacts_2605061-gim1_7b-rl_rlvr-gim-model__Sculpt-AI_GIMBench-cv-parse_260528-185815.json,"{'exec_command': '/mnt/code/shichao/GIMBench/.venv/bin/python /mnt/code/shichao/GIMBench/src/gimbench/cv/cv_parse.py --model_type vllm-offline --model_name /mnt/data/artifacts/2605061-gim1_7b-rl/rlvr-gim-model/ --output_type cfg --api_key **** --base_url https://openrouter.ai/api/v1 --judge_model_name google/gemini-3-flash-preview', 'gimbench_version': '0.5.1', 'gimbench_file': '/mnt/code/shichao/GIMBench/src/gimbench/__init__.py', 'gimkit_version': '0.1.1', 'gimkit_file': '/mnt/code/shichao/GIMBench/.venv/lib/python3.13/site-packages/gimkit/__init__.py', 'git_repo': '/mnt/code/shichao/GIMBench', 'git_branch': 'feat/eval-results', 'git_commit_id': 'a552dc442e2292efef42ba2d4be2df2709dea6be'}",cv,"{'use_gim_prompt': False, 'output_type': 'cfg', 'model_type': 'vllm-offline', 'model_name': '/mnt/data/artifacts/2605061-gim1_7b-rl/rlvr-gim-model/', 'api_key': '****', 'base_url': 'https://openrouter.ai/api/v1', 'max_model_len': 8192, 'temperature': 0.0, 'top_p': 1.0, 'presence_penalty': 1.0, 'max_tokens': 8192, 'seed': 16, 'first_n': -1, 'num_proc': 1, 'output_dir': 'results', 'counter_tokenizer': 'Qwen/Qwen3-4B-Instruct-2507', 'record_timing': False, 'ref_model_name': 'google/gemma-3-270m', 'ref_model_device': 'cpu', 'norm_ppl_alpha': 0.2, 'ppl_window_k': 16, 'golden_truth_only': False, 'no_gimkit': False, 'reason_budget': 0, 'auto_budget': False, 'auto_budget_prompt': ""I'll show you a couple of questions. Decide how many reasoning steps are needed to answer each accurately.\n\nConsider a plausible reasoning workflow first (you may use reasoning, reflection, trial and error, and parallel thinking by applying different approaches, plus a quick verification if needed). Then output a step budget (where each step is an atomic reasoning action taking 3–5 sentences) that allows for granular, step-by-step derivation without skipping logic, ensuring a robust and high-confidence conclusion;leave extra headroom for cross-checking and possible revision on multi-hop or tricky questions.\n\n## Question: {question}\n\nDo not be anchored by the examples above. Scale your step budget linearly with the difficulty. For complex problems, you are encouraged to assign a high budget (20, or more) to ensure there is enough room for step-by-step derivation and verification.\n\n"", 'reason_step_desc': 'A distinct, verified reasoning step building on the previous one. Write 2–3 substantial sentences (60–80 words each) to ensure depth.', 'use_outlines': False, 'judge_model_name': 'google/gemini-3-flash-preview', 'num_samples': 1, 'pass_k': [1], 'exec_timeout': 10, 'scierc_split': 'test', 'scierc_max_relations': 30, 'dataset': {'path': 'Sculpt-AI/GIMBench-cv-parse', 'name': None, 'split': 'test'}}",2026-05-28T18:58:15.326872,2026-05-28T19:07:46.844239,9.52528945,472,279,0,0.5911016949152542
_mnt_data_artifacts_2605141-gim1_7b-rl_rlvr-gim-model__Sculpt-AI_GIMBench-cv-parse_260528-203300.json,"{'exec_command': '/mnt/code/shichao/GIMBench/.venv/bin/python /mnt/code/shichao/GIMBench/src/gimbench/cv/cv_parse.py --model_type vllm-offline --model_name /mnt/data/artifacts/2605141-gim1_7b-rl/rlvr-gim-model/ --output_type cfg --api_key **** --base_url https://openrouter.ai/api/v1 --judge_model_name google/gemini-3-flash-preview', 'gimbench_version': '0.5.1', 'gimbench_file': '/mnt/code/shichao/GIMBench/src/gimbench/__init__.py', 'gimkit_version': '0.1.1', 'gimkit_file': '/mnt/code/shichao/GIMBench/.venv/lib/python3.13/site-packages/gimkit/__init__.py', 'git_repo': '/mnt/code/shichao/GIMBench', 'git_branch': 'feat/eval-results', 'git_commit_id': 'a552dc442e2292efef42ba2d4be2df2709dea6be'}",cv,"{'use_gim_prompt': False, 'output_type': 'cfg', 'model_type': 'vllm-offline', 'model_name': '/mnt/data/artifacts/2605141-gim1_7b-rl/rlvr-gim-model/', 'api_key': '****', 'base_url': 'https://openrouter.ai/api/v1', 'max_model_len': 8192, 'temperature': 0.0, 'top_p': 1.0, 'presence_penalty': 1.0, 'max_tokens': 8192, 'seed': 16, 'first_n': -1, 'num_proc': 1, 'output_dir': 'results', 'counter_tokenizer': 'Qwen/Qwen3-4B-Instruct-2507', 'record_timing': False, 'ref_model_name': 'google/gemma-3-270m', 'ref_model_device': 'cpu', 'norm_ppl_alpha': 0.2, 'ppl_window_k': 16, 'golden_truth_only': False, 'no_gimkit': False, 'reason_budget': 0, 'auto_budget': False, 'auto_budget_prompt': ""I'll show you a couple of questions. Decide how many reasoning steps are needed to answer each accurately.\n\nConsider a plausible reasoning workflow first (you may use reasoning, reflection, trial and error, and parallel thinking by applying different approaches, plus a quick verification if needed). Then output a step budget (where each step is an atomic reasoning action taking 3–5 sentences) that allows for granular, step-by-step derivation without skipping logic, ensuring a robust and high-confidence conclusion;leave extra headroom for cross-checking and possible revision on multi-hop or tricky questions.\n\n## Question: {question}\n\nDo not be anchored by the examples above. Scale your step budget linearly with the difficulty. For complex problems, you are encouraged to assign a high budget (20, or more) to ensure there is enough room for step-by-step derivation and verification.\n\n"", 'reason_step_desc': 'A distinct, verified reasoning step building on the previous one. Write 2–3 substantial sentences (60–80 words each) to ensure depth.', 'use_outlines': False, 'judge_model_name': 'google/gemini-3-flash-preview', 'num_samples': 1, 'pass_k': [1], 'exec_timeout': 10, 'scierc_split': 'test', 'scierc_max_relations': 30, 'dataset': {'path': 'Sculpt-AI/GIMBench-cv-parse', 'name': None, 'split': 'test'}}",2026-05-28T20:33:00.740703,2026-05-28T20:42:24.667004,9.398771683333333,472,272,0,0.576271186440678
_mnt_data_artifacts_2605151-gim1_7b-rl_rlvr-gim-model__Sculpt-AI_GIMBench-cv-parse_260528-222109.json,"{'exec_command': '/mnt/code/shichao/GIMBench/.venv/bin/python /mnt/code/shichao/GIMBench/src/gimbench/cv/cv_parse.py --model_type vllm-offline --model_name /mnt/data/artifacts/2605151-gim1_7b-rl/rlvr-gim-model/ --output_type cfg --api_key **** --base_url https://openrouter.ai/api/v1 --judge_model_name google/gemini-3-flash-preview', 'gimbench_version': '0.5.1', 'gimbench_file': '/mnt/code/shichao/GIMBench/src/gimbench/__init__.py', 'gimkit_version': '0.1.1', 'gimkit_file': '/mnt/code/shichao/GIMBench/.venv/lib/python3.13/site-packages/gimkit/__init__.py', 'git_repo': '/mnt/code/shichao/GIMBench', 'git_branch': 'feat/eval-results', 'git_commit_id': 'a552dc442e2292efef42ba2d4be2df2709dea6be'}",cv,"{'use_gim_prompt': False, 'output_type': 'cfg', 'model_type': 'vllm-offline', 'model_name': '/mnt/data/artifacts/2605151-gim1_7b-rl/rlvr-gim-model/', 'api_key': '****', 'base_url': 'https://openrouter.ai/api/v1', 'max_model_len': 8192, 'temperature': 0.0, 'top_p': 1.0, 'presence_penalty': 1.0, 'max_tokens': 8192, 'seed': 16, 'first_n': -1, 'num_proc': 1, 'output_dir': 'results', 'counter_tokenizer': 'Qwen/Qwen3-4B-Instruct-2507', 'record_timing': False, 'ref_model_name': 'google/gemma-3-270m', 'ref_model_device': 'cpu', 'norm_ppl_alpha': 0.2, 'ppl_window_k': 16, 'golden_truth_only': False, 'no_gimkit': False, 'reason_budget': 0, 'auto_budget': False, 'auto_budget_prompt': ""I'll show you a couple of questions. Decide how many reasoning steps are needed to answer each accurately.\n\nConsider a plausible reasoning workflow first (you may use reasoning, reflection, trial and error, and parallel thinking by applying different approaches, plus a quick verification if needed). Then output a step budget (where each step is an atomic reasoning action taking 3–5 sentences) that allows for granular, step-by-step derivation without skipping logic, ensuring a robust and high-confidence conclusion;leave extra headroom for cross-checking and possible revision on multi-hop or tricky questions.\n\n## Question: {question}\n\nDo not be anchored by the examples above. Scale your step budget linearly with the difficulty. For complex problems, you are encouraged to assign a high budget (20, or more) to ensure there is enough room for step-by-step derivation and verification.\n\n"", 'reason_step_desc': 'A distinct, verified reasoning step building on the previous one. Write 2–3 substantial sentences (60–80 words each) to ensure depth.', 'use_outlines': False, 'judge_model_name': 'google/gemini-3-flash-preview', 'num_samples': 1, 'pass_k': [1], 'exec_timeout': 10, 'scierc_split': 'test', 'scierc_max_relations': 30, 'dataset': {'path': 'Sculpt-AI/GIMBench-cv-parse', 'name': None, 'split': 'test'}}",2026-05-28T22:21:09.925186,2026-05-28T22:31:52.108981,10.703063250000001,472,274,0,0.5805084745762712
_mnt_data_artifacts_2606011-gim1_7b-rl_rlvr-gim-model-ckpt-490_Sculpt-AI_GIMBench-cv-parse_260602-193100.json,"{'exec_command': '/mnt/code/shichao/GIMBench/.venv/bin/python /mnt/code/shichao/GIMBench/src/gimbench/cv/cv_parse.py --model_type vllm-offline --model_name /mnt/data/artifacts/2606011-gim1_7b-rl/rlvr-gim-model-ckpt-490 --output_type cfg --api_key **** --base_url https://openrouter.ai/api/v1 --judge_model_name google/gemini-3-flash-preview', 'gimbench_version': '0.5.1', 'gimbench_file': '/mnt/code/shichao/GIMBench/src/gimbench/__init__.py', 'gimkit_version': '0.1.1', 'gimkit_file': '/mnt/code/shichao/GIMBench/.venv/lib/python3.13/site-packages/gimkit/__init__.py', 'git_repo': '/mnt/code/shichao/GIMBench', 'git_branch': 'feat/eval-results', 'git_commit_id': 'eec1944ba6a424e5c00325dfe682dbc06a6393b3'}",cv,"{'use_gim_prompt': False, 'output_type': 'cfg', 'model_type': 'vllm-offline', 'model_name': '/mnt/data/artifacts/2606011-gim1_7b-rl/rlvr-gim-model-ckpt-490', 'api_key': '****', 'base_url': 'https://openrouter.ai/api/v1', 'max_model_len': 8192, 'temperature': 0.0, 'top_p': 1.0, 'presence_penalty': 1.0, 'max_tokens': 8192, 'seed': 16, 'first_n': -1, 'num_proc': 1, 'output_dir': 'results', 'counter_tokenizer': 'Qwen/Qwen3-4B-Instruct-2507', 'record_timing': False, 'ref_model_name': 'google/gemma-3-270m', 'ref_model_device': 'cpu', 'norm_ppl_alpha': 0.2, 'ppl_window_k': 16, 'golden_truth_only': False, 'no_gimkit': False, 'reason_budget': 0, 'auto_budget': False, 'auto_budget_prompt': ""I'll show you a couple of questions. Decide how many reasoning steps are needed to answer each accurately.\n\nConsider a plausible reasoning workflow first (you may use reasoning, reflection, trial and error, and parallel thinking by applying different approaches, plus a quick verification if needed). Then output a step budget (where each step is an atomic reasoning action taking 3–5 sentences) that allows for granular, step-by-step derivation without skipping logic, ensuring a robust and high-confidence conclusion;leave extra headroom for cross-checking and possible revision on multi-hop or tricky questions.\n\n## Question: {question}\n\nDo not be anchored by the examples above. Scale your step budget linearly with the difficulty. For complex problems, you are encouraged to assign a high budget (20, or more) to ensure there is enough room for step-by-step derivation and verification.\n\n"", 'reason_step_desc': 'A distinct, verified reasoning step building on the previous one. Write 2–3 substantial sentences (60–80 words each) to ensure depth.', 'use_outlines': False, 'judge_model_name': 'google/gemini-3-flash-preview', 'num_samples': 1, 'pass_k': [1], 'exec_timeout': 10, 'scierc_split': 'test', 'scierc_max_relations': 30, 'dataset': {'path': 'Sculpt-AI/GIMBench-cv-parse', 'name': None, 'split': 'test'}}",2026-06-02T19:31:00.737129,2026-06-02T19:41:21.352608,10.343591316666668,472,292,0,0.6186440677966102
_mnt_data_artifacts_2606011-gim1_7b-rl_rlvr-gim-model_Sculpt-AI_GIMBench-cv-parse_260602-160626.json,"{'exec_command': '/mnt/code/shichao/GIMBench/.venv/bin/python /mnt/code/shichao/GIMBench/src/gimbench/cv/cv_parse.py --model_type vllm-offline --model_name /mnt/data/artifacts/2606011-gim1_7b-rl/rlvr-gim-model --output_type cfg --api_key **** --base_url https://openrouter.ai/api/v1 --judge_model_name google/gemini-3-flash-preview', 'gimbench_version': '0.5.1', 'gimbench_file': '/mnt/code/shichao/GIMBench/src/gimbench/__init__.py', 'gimkit_version': '0.1.1', 'gimkit_file': '/mnt/code/shichao/GIMBench/.venv/lib/python3.13/site-packages/gimkit/__init__.py', 'git_repo': '/mnt/code/shichao/GIMBench', 'git_branch': 'feat/eval-results', 'git_commit_id': 'eec1944ba6a424e5c00325dfe682dbc06a6393b3'}",cv,"{'use_gim_prompt': False, 'output_type': 'cfg', 'model_type': 'vllm-offline', 'model_name': '/mnt/data/artifacts/2606011-gim1_7b-rl/rlvr-gim-model', 'api_key': '****', 'base_url': 'https://openrouter.ai/api/v1', 'max_model_len': 8192, 'temperature': 0.0, 'top_p': 1.0, 'presence_penalty': 1.0, 'max_tokens': 8192, 'seed': 16, 'first_n': -1, 'num_proc': 1, 'output_dir': 'results', 'counter_tokenizer': 'Qwen/Qwen3-4B-Instruct-2507', 'record_timing': False, 'ref_model_name': 'google/gemma-3-270m', 'ref_model_device': 'cpu', 'norm_ppl_alpha': 0.2, 'ppl_window_k': 16, 'golden_truth_only': False, 'no_gimkit': False, 'reason_budget': 0, 'auto_budget': False, 'auto_budget_prompt': ""I'll show you a couple of questions. Decide how many reasoning steps are needed to answer each accurately.\n\nConsider a plausible reasoning workflow first (you may use reasoning, reflection, trial and error, and parallel thinking by applying different approaches, plus a quick verification if needed). Then output a step budget (where each step is an atomic reasoning action taking 3–5 sentences) that allows for granular, step-by-step derivation without skipping logic, ensuring a robust and high-confidence conclusion;leave extra headroom for cross-checking and possible revision on multi-hop or tricky questions.\n\n## Question: {question}\n\nDo not be anchored by the examples above. Scale your step budget linearly with the difficulty. For complex problems, you are encouraged to assign a high budget (20, or more) to ensure there is enough room for step-by-step derivation and verification.\n\n"", 'reason_step_desc': 'A distinct, verified reasoning step building on the previous one. Write 2–3 substantial sentences (60–80 words each) to ensure depth.', 'use_outlines': False, 'judge_model_name': 'google/gemini-3-flash-preview', 'num_samples': 1, 'pass_k': [1], 'exec_timeout': 10, 'scierc_split': 'test', 'scierc_max_relations': 30, 'dataset': {'path': 'Sculpt-AI/GIMBench-cv-parse', 'name': None, 'split': 'test'}}",2026-06-02T16:06:26.661023,2026-06-02T16:16:15.445316,9.81307155,472,292,0,0.6186440677966102
_mnt_data_artifacts_2606021-gim1_7b-rl_rlvr-gim-model_Sculpt-AI_GIMBench-cv-parse_260603-210820.json,"{'exec_command': '/mnt/code/shichao/GIMBench/.venv/bin/python /mnt/code/shichao/GIMBench/src/gimbench/cv/cv_parse.py --model_type vllm-offline --model_name /mnt/data/artifacts/2606021-gim1_7b-rl/rlvr-gim-model --output_type cfg --api_key **** --base_url https://openrouter.ai/api/v1 --judge_model_name google/gemini-3-flash-preview', 'gimbench_version': '0.5.1', 'gimbench_file': '/mnt/code/shichao/GIMBench/src/gimbench/__init__.py', 'gimkit_version': '0.1.1', 'gimkit_file': '/mnt/code/shichao/GIMBench/.venv/lib/python3.13/site-packages/gimkit/__init__.py', 'git_repo': '/mnt/code/shichao/GIMBench', 'git_branch': 'feat/eval-results', 'git_commit_id': 'eec1944ba6a424e5c00325dfe682dbc06a6393b3'}",cv,"{'use_gim_prompt': False, 'output_type': 'cfg', 'model_type': 'vllm-offline', 'model_name': '/mnt/data/artifacts/2606021-gim1_7b-rl/rlvr-gim-model', 'api_key': '****', 'base_url': 'https://openrouter.ai/api/v1', 'max_model_len': 8192, 'temperature': 0.0, 'top_p': 1.0, 'presence_penalty': 1.0, 'max_tokens': 8192, 'seed': 16, 'first_n': -1, 'num_proc': 1, 'output_dir': 'results', 'counter_tokenizer': 'Qwen/Qwen3-4B-Instruct-2507', 'record_timing': False, 'ref_model_name': 'google/gemma-3-270m', 'ref_model_device': 'cpu', 'norm_ppl_alpha': 0.2, 'ppl_window_k': 16, 'golden_truth_only': False, 'no_gimkit': False, 'reason_budget': 0, 'auto_budget': False, 'auto_budget_prompt': ""I'll show you a couple of questions. Decide how many reasoning steps are needed to answer each accurately.\n\nConsider a plausible reasoning workflow first (you may use reasoning, reflection, trial and error, and parallel thinking by applying different approaches, plus a quick verification if needed). Then output a step budget (where each step is an atomic reasoning action taking 3–5 sentences) that allows for granular, step-by-step derivation without skipping logic, ensuring a robust and high-confidence conclusion;leave extra headroom for cross-checking and possible revision on multi-hop or tricky questions.\n\n## Question: {question}\n\nDo not be anchored by the examples above. Scale your step budget linearly with the difficulty. For complex problems, you are encouraged to assign a high budget (20, or more) to ensure there is enough room for step-by-step derivation and verification.\n\n"", 'reason_step_desc': 'A distinct, verified reasoning step building on the previous one. Write 2–3 substantial sentences (60–80 words each) to ensure depth.', 'use_outlines': False, 'judge_model_name': 'google/gemini-3-flash-preview', 'num_samples': 1, 'pass_k': [1], 'exec_timeout': 10, 'scierc_split': 'test', 'scierc_max_relations': 30, 'dataset': {'path': 'Sculpt-AI/GIMBench-cv-parse', 'name': None, 'split': 'test'}}",2026-06-03T21:08:20.731368,2026-06-03T21:20:04.554211,11.730380716666668,472,286,0,0.6059322033898306
_mnt_data_artifacts_2606041-gim1_7b-rl_rlvr-gim-model_Sculpt-AI_GIMBench-cv-parse_260607-175612.json,"{'exec_command': '/mnt/code/shichao/GIMBench/.venv/bin/python /mnt/code/shichao/GIMBench/src/gimbench/cv/cv_parse.py --model_type vllm-offline --model_name /mnt/data/artifacts/2606041-gim1_7b-rl/rlvr-gim-model --output_type cfg --api_key **** --base_url https://openrouter.ai/api/v1 --judge_model_name google/gemini-3-flash-preview', 'gimbench_version': '0.5.1', 'gimbench_file': '/mnt/code/shichao/GIMBench/src/gimbench/__init__.py', 'gimkit_version': '0.1.1', 'gimkit_file': '/mnt/code/shichao/GIMBench/.venv/lib/python3.13/site-packages/gimkit/__init__.py', 'git_repo': '/mnt/code/shichao/GIMBench', 'git_branch': 'feat/eval-results', 'git_commit_id': 'eec1944ba6a424e5c00325dfe682dbc06a6393b3'}",cv,"{'use_gim_prompt': False, 'output_type': 'cfg', 'model_type': 'vllm-offline', 'model_name': '/mnt/data/artifacts/2606041-gim1_7b-rl/rlvr-gim-model', 'api_key': '****', 'base_url': 'https://openrouter.ai/api/v1', 'max_model_len': 8192, 'temperature': 0.0, 'top_p': 1.0, 'presence_penalty': 1.0, 'max_tokens': 8192, 'seed': 16, 'first_n': -1, 'num_proc': 1, 'output_dir': 'results', 'counter_tokenizer': 'Qwen/Qwen3-4B-Instruct-2507', 'record_timing': False, 'ref_model_name': 'google/gemma-3-270m', 'ref_model_device': 'cpu', 'norm_ppl_alpha': 0.2, 'ppl_window_k': 16, 'golden_truth_only': False, 'no_gimkit': False, 'reason_budget': 0, 'auto_budget': False, 'auto_budget_prompt': ""I'll show you a couple of questions. Decide how many reasoning steps are needed to answer each accurately.\n\nConsider a plausible reasoning workflow first (you may use reasoning, reflection, trial and error, and parallel thinking by applying different approaches, plus a quick verification if needed). Then output a step budget (where each step is an atomic reasoning action taking 3–5 sentences) that allows for granular, step-by-step derivation without skipping logic, ensuring a robust and high-confidence conclusion;leave extra headroom for cross-checking and possible revision on multi-hop or tricky questions.\n\n## Question: {question}\n\nDo not be anchored by the examples above. Scale your step budget linearly with the difficulty. For complex problems, you are encouraged to assign a high budget (20, or more) to ensure there is enough room for step-by-step derivation and verification.\n\n"", 'reason_step_desc': 'A distinct, verified reasoning step building on the previous one. Write 2–3 substantial sentences (60–80 words each) to ensure depth.', 'use_outlines': False, 'judge_model_name': 'google/gemini-3-flash-preview', 'num_samples': 1, 'pass_k': [1], 'exec_timeout': 10, 'scierc_split': 'test', 'scierc_max_relations': 30, 'dataset': {'path': 'Sculpt-AI/GIMBench-cv-parse', 'name': None, 'split': 'test'}}",2026-06-07T17:56:12.233645,2026-06-07T18:05:24.437580,9.203398916666666,472,294,0,0.6228813559322034
